,name,age
0,홍길동,20
1,이순신,50
